1    0	60	0	8.255705	search
1    0	429	0	7.614475	search
1    0	24	0	7.440144	search
1    0	722	0	7.142121	search
1    0	1299	0	6.8216105	search
1    0	1019	0	6.4157896	search
1    0	911	0	6.4015093	search
1    0	882	0	6.3195667	search
1    0	1281	0	6.113722	search
1    0	1323	0	5.9858866	search
1    0	589	0	5.971285	search
1    0	1265	0	5.849729	search
1    0	603	0	5.798498	search
1    0	65	0	5.7187366	search
1    0	413	0	5.7149177	search
1    0	38	0	5.637486	search
1    0	447	0	5.625415	search
1    0	1030	0	5.490697	search
1    0	541	0	5.462775	search
1    0	711	0	5.4221373	search
2    0	1138	0	6.576379	search
2    0	1236	0	5.406536	search
2    0	840	0	5.3625	search
2    0	1071	0	5.1036935	search
2    0	1399	0	4.928356	search
2    0	420	0	4.6647997	search
2    0	445	0	4.5901103	search
2    0	526	0	4.540839	search
2    0	1096	0	4.5405507	search
2    0	1156	0	4.526229	search
2    0	562	0	4.4857087	search
2    0	768	0	4.4544725	search
2    0	309	0	4.4444127	search
2    0	790	0	4.4111266	search
2    0	1358	0	4.340052	search
2    0	797	0	4.239676	search
2    0	532	0	4.2321844	search
2    0	778	0	4.1953235	search
2    0	451	0	4.192701	search
2    0	1330	0	4.0751557	search
3    0	1181	0	5.6219373	search
3    0	469	0	4.6682844	search
3    0	540	0	4.610393	search
3    0	1133	0	4.1247416	search
3    0	60	0	3.743573	search
3    0	445	0	3.5336304	search
3    0	1179	0	3.4391084	search
3    0	1235	0	3.331862	search
3    0	1266	0	3.1651945	search
3    0	1142	0	3.1466274	search
3    0	914	0	2.997445	search
3    0	1077	0	2.9795265	search
3    0	1329	0	2.9138813	search
3    0	1214	0	2.8985243	search
3    0	1371	0	2.8603315	search
3    0	168	0	2.8304975	search
3    0	372	0	2.8154418	search
3    0	1314	0	2.7746453	search
3    0	398	0	2.7316616	search
3    0	766	0	2.6963453	search
4    0	601	0	5.429629	search
4    0	746	0	4.6175246	search
4    0	1294	0	4.4767723	search
4    0	80	0	4.4052544	search
4    0	565	0	4.1963754	search
4    0	179	0	4.141882	search
4    0	420	0	4.0552573	search
4    0	396	0	3.9563994	search
4    0	72	0	3.8517084	search
4    0	1213	0	3.8478658	search
4    0	175	0	3.828834	search
4    0	880	0	3.7813056	search
4    0	77	0	3.7809076	search
4    0	1224	0	3.6877048	search
4    0	1134	0	3.5991542	search
4    0	790	0	3.4765453	search
4    0	1267	0	3.4574826	search
4    0	1341	0	3.3719926	search
4    0	1409	0	3.362217	search
4    0	909	0	3.3251488	search
5    0	1166	0	5.7715783	search
5    0	60	0	5.219546	search
5    0	122	0	5.2191	search
5    0	467	0	5.1760645	search
5    0	940	0	5.0324774	search
5    0	1105	0	4.7791576	search
5    0	1214	0	4.7374263	search
5    0	483	0	4.678844	search
5    0	828	0	4.6274304	search
5    0	1357	0	4.506444	search
5    0	710	0	4.502009	search
5    0	926	0	4.488006	search
5    0	907	0	4.3214197	search
5    0	1038	0	4.311278	search
5    0	648	0	4.24011	search
5    0	449	0	4.2119713	search
5    0	288	0	4.1997147	search
5    0	733	0	4.194608	search
5    0	862	0	4.1586876	search
5    0	332	0	4.151389	search
6    0	1263	0	5.6971836	search
6    0	545	0	5.198584	search
6    0	542	0	4.8275094	search
6    0	433	0	4.440098	search
6    0	398	0	4.2470207	search
6    0	1077	0	4.1978135	search
6    0	652	0	4.1290984	search
6    0	312	0	4.105391	search
6    0	1357	0	4.084524	search
6    0	530	0	3.9721346	search
6    0	63	0	3.907779	search
6    0	1045	0	3.8801706	search
6    0	1214	0	3.7913053	search
6    0	386	0	3.2522812	search
6    0	568	0	3.222498	search
6    0	673	0	3.1459317	search
6    0	1259	0	3.1348982	search
6    0	1241	0	3.1199746	search
6    0	478	0	3.085759	search
6    0	693	0	3.0767708	search
7    0	1428	0	5.6870623	search
7    0	835	0	5.669685	search
7    0	1060	0	5.508969	search
7    0	748	0	4.9158683	search
7    0	1285	0	4.8300676	search
7    0	1364	0	4.7561593	search
7    0	194	0	4.7266493	search
7    0	420	0	4.667278	search
7    0	1359	0	4.58836	search
7    0	1004	0	4.569171	search
7    0	980	0	4.334736	search
7    0	689	0	4.321229	search
7    0	501	0	4.1602054	search
7    0	507	0	4.088834	search
7    0	263	0	4.0527825	search
7    0	1014	0	4.048944	search
7    0	728	0	4.044632	search
7    0	1172	0	3.9793053	search
7    0	228	0	3.975584	search
7    0	484	0	3.9636471	search
8    0	60	0	5.655257	search
8    0	456	0	5.2984743	search
8    0	640	0	4.640546	search
8    0	902	0	4.6213393	search
8    0	1139	0	4.401035	search
8    0	434	0	4.3747067	search
8    0	454	0	4.166066	search
8    0	539	0	3.924188	search
8    0	607	0	3.7739851	search
8    0	120	0	3.627775	search
8    0	52	0	3.5727882	search
8    0	600	0	3.5252628	search
8    0	1428	0	3.3901532	search
8    0	1427	0	3.3740582	search
8    0	236	0	3.3315775	search
8    0	1164	0	3.3058743	search
8    0	1443	0	3.2888467	search
8    0	477	0	3.2371097	search
8    0	796	0	3.230001	search
8    0	1392	0	3.2173553	search
9    0	571	0	5.7681894	search
9    0	1294	0	5.364821	search
9    0	1120	0	5.21963	search
9    0	565	0	4.3538303	search
9    0	1182	0	4.3479633	search
9    0	1338	0	4.2604375	search
9    0	175	0	4.0136986	search
9    0	212	0	3.8819256	search
9    0	60	0	3.618516	search
9    0	135	0	3.401762	search
9    0	1136	0	3.3893154	search
9    0	179	0	3.387167	search
9    0	591	0	3.3759086	search
9    0	1129	0	3.3586335	search
9    0	1327	0	3.269237	search
9    0	790	0	3.2518697	search
9    0	315	0	3.2297266	search
9    0	517	0	3.2285118	search
9    0	312	0	3.2065077	search
9    0	853	0	3.169129	search
10    0	1385	0	4.5723553	search
10    0	574	0	4.0773025	search
10    0	1411	0	3.8832302	search
10    0	536	0	3.8576784	search
10    0	1244	0	3.7611756	search
10    0	829	0	3.3058681	search
10    0	462	0	3.2967434	search
10    0	445	0	3.1695852	search
10    0	315	0	3.1037421	search
10    0	1173	0	3.097562	search
10    0	1117	0	3.0067964	search
10    0	25	0	2.8355067	search
10    0	1204	0	2.761939	search
10    0	1282	0	2.672711	search
10    0	175	0	2.597246	search
10    0	827	0	2.5792005	search
10    0	1125	0	2.5712621	search
10    0	895	0	2.5211098	search
10    0	590	0	2.4156876	search
10    0	229	0	2.400062	search
11    0	690	0	5.0203	search
11    0	1340	0	3.4891467	search
11    0	965	0	3.425156	search
11    0	1279	0	3.0853248	search
11    0	1287	0	3.0069203	search
11    0	565	0	2.9695978	search
11    0	1102	0	2.895351	search
11    0	474	0	2.743789	search
11    0	1089	0	2.7407851	search
11    0	60	0	2.609773	search
11    0	827	0	2.532395	search
11    0	1446	0	2.5108743	search
11    0	1358	0	2.5058968	search
11    0	1278	0	2.4932709	search
11    0	771	0	2.4807935	search
11    0	398	0	2.4743688	search
11    0	937	0	2.4154515	search
11    0	1289	0	2.412816	search
11    0	1106	0	2.4076068	search
11    0	1103	0	2.3928223	search
12    0	967	0	4.028371	search
12    0	1190	0	3.977851	search
12    0	1108	0	3.973762	search
12    0	1191	0	3.9681349	search
12    0	1167	0	3.810029	search
12    0	686	0	3.742989	search
12    0	1098	0	3.5751653	search
12    0	89	0	3.5651252	search
12    0	725	0	3.4962747	search
12    0	899	0	3.4772348	search
12    0	1209	0	3.4770503	search
12    0	1266	0	3.3977642	search
12    0	831	0	3.380178	search
12    0	1182	0	3.374803	search
12    0	1123	0	3.331563	search
12    0	543	0	3.2224677	search
12    0	104	0	3.1531541	search
12    0	1142	0	3.139939	search
12    0	767	0	3.0811796	search
12    0	552	0	3.0739806	search
13    0	611	0	5.365357	search
13    0	565	0	5.231208	search
13    0	866	0	4.190842	search
13    0	1375	0	3.923927	search
13    0	983	0	3.6754649	search
13    0	658	0	3.6583989	search
13    0	194	0	3.6533108	search
13    0	1098	0	3.5564122	search
13    0	153	0	3.5399232	search
13    0	1130	0	3.53422	search
13    0	1101	0	3.5253742	search
13    0	646	0	3.5185363	search
13    0	59	0	3.5093296	search
13    0	870	0	3.4112494	search
13    0	1376	0	3.3936567	search
13    0	1314	0	3.3525443	search
13    0	827	0	3.3218493	search
13    0	137	0	3.302912	search
13    0	889	0	3.294427	search
13    0	128	0	3.2251098	search
14    0	1294	0	4.2427163	search
14    0	24	0	3.5875063	search
14    0	907	0	3.1705403	search
14    0	72	0	3.1703856	search
14    0	790	0	2.590621	search
14    0	1388	0	2.5760524	search
14    0	891	0	2.572481	search
14    0	401	0	2.4395692	search
14    0	1144	0	2.4051862	search
14    0	1383	0	2.2120104	search
14    0	315	0	2.158246	search
14    0	193	0	2.1361012	search
14    0	181	0	2.1152155	search
14    0	36	0	2.1015942	search
14    0	60	0	2.0794063	search
14    0	1268	0	2.0710695	search
14    0	1290	0	2.0705287	search
14    0	220	0	1.970773	search
14    0	661	0	1.9243255	search
14    0	663	0	1.9217783	search
15    0	255	0	7.148757	search
15    0	515	0	5.386203	search
15    0	860	0	4.9577923	search
15    0	591	0	4.9281135	search
15    0	177	0	4.7382846	search
15    0	1277	0	4.457108	search
15    0	634	0	4.4541163	search
15    0	615	0	4.3439956	search
15    0	6	0	4.3148565	search
15    0	849	0	4.237151	search
15    0	1284	0	4.0415134	search
15    0	611	0	3.896159	search
15    0	1353	0	3.8651142	search
15    0	490	0	3.854984	search
15    0	1298	0	3.8037486	search
15    0	642	0	3.8009238	search
15    0	281	0	3.7971692	search
15    0	979	0	3.7339387	search
15    0	917	0	3.732829	search
15    0	293	0	3.6843634	search
16    0	24	0	5.586273	search
16    0	883	0	5.1354465	search
16    0	907	0	4.9364944	search
16    0	1307	0	4.7925544	search
16    0	60	0	4.6891794	search
16    0	379	0	4.539363	search
16    0	534	0	3.9045374	search
16    0	1093	0	3.820093	search
16    0	1258	0	3.6716292	search
16    0	630	0	3.642499	search
16    0	529	0	3.5831363	search
16    0	202	0	3.5660336	search
16    0	828	0	3.4463103	search
16    0	1018	0	3.3998177	search
16    0	364	0	3.3801277	search
16    0	1148	0	3.320074	search
16    0	575	0	3.266474	search
16    0	739	0	3.2347865	search
16    0	1207	0	3.1157377	search
16    0	734	0	3.076989	search
17    0	252	0	7.7591405	search
17    0	1404	0	4.7618275	search
17    0	967	0	4.370594	search
17    0	1158	0	4.211317	search
17    0	234	0	3.9327414	search
17    0	1440	0	3.9327414	search
17    0	773	0	3.8956277	search
17    0	104	0	3.7178934	search
17    0	739	0	3.566762	search
17    0	594	0	3.5313165	search
17    0	528	0	3.4878314	search
17    0	319	0	3.398818	search
17    0	345	0	3.331612	search
17    0	1108	0	3.307046	search
17    0	520	0	3.2644296	search
17    0	512	0	3.1768496	search
17    0	158	0	3.1046875	search
17    0	608	0	3.08489	search
17    0	89	0	3.0781918	search
17    0	485	0	2.9104617	search
18    0	668	0	11.6858635	search
18    0	1452	0	7.8078003	search
18    0	671	0	7.283745	search
18    0	175	0	7.1525717	search
18    0	1092	0	7.04353	search
18    0	669	0	6.938541	search
18    0	698	0	6.486141	search
18    0	694	0	6.4413133	search
18    0	179	0	6.414832	search
18    0	564	0	5.829928	search
18    0	663	0	5.559803	search
18    0	569	0	5.51721	search
18    0	1261	0	5.492987	search
18    0	421	0	5.426955	search
18    0	708	0	5.2077775	search
18    0	746	0	5.203896	search
18    0	890	0	5.144268	search
18    0	678	0	5.1432066	search
18    0	682	0	5.1380186	search
18    0	705	0	5.1008673	search
19    0	179	0	6.0441985	search
19    0	175	0	5.8959875	search
19    0	810	0	5.604046	search
19    0	689	0	5.4889836	search
19    0	487	0	5.299262	search
19    0	252	0	5.2806196	search
19    0	527	0	5.2086673	search
19    0	1327	0	5.1081257	search
19    0	1280	0	5.02126	search
19    0	483	0	4.980794	search
19    0	862	0	4.9405007	search
19    0	1298	0	4.829839	search
19    0	706	0	4.740648	search
19    0	820	0	4.699224	search
19    0	812	0	4.610354	search
19    0	1004	0	4.5026317	search
19    0	71	0	4.465443	search
19    0	103	0	4.4395833	search
19    0	562	0	4.264089	search
19    0	579	0	4.244845	search
20    0	287	0	3.4425554	search
20    0	336	0	3.2634504	search
20    0	827	0	2.9412622	search
20    0	406	0	2.7622561	search
20    0	1139	0	2.7583876	search
20    0	180	0	2.7483714	search
20    0	990	0	2.6439762	search
20    0	979	0	2.4908707	search
20    0	917	0	2.468426	search
20    0	916	0	2.437792	search
20    0	177	0	2.3725517	search
20    0	860	0	2.3230147	search
20    0	849	0	2.2515867	search
20    0	874	0	2.22334	search
20    0	134	0	2.2152534	search
20    0	572	0	2.2053633	search
20    0	1280	0	2.1787446	search
20    0	595	0	2.1539	search
20    0	1042	0	2.1335595	search
20    0	1154	0	2.125376	search
21    0	1205	0	3.2855606	search
21    0	475	0	2.9786544	search
21    0	216	0	2.9663978	search
21    0	896	0	2.9472594	search
21    0	1015	0	2.791894	search
21    0	339	0	2.7625864	search
21    0	307	0	2.72373	search
21    0	1099	0	2.5003967	search
21    0	721	0	2.4594574	search
21    0	231	0	2.4527853	search
21    0	1321	0	2.442225	search
21    0	186	0	2.4034288	search
21    0	1103	0	2.3928223	search
21    0	1206	0	2.344818	search
21    0	137	0	2.2997594	search
21    0	133	0	2.2221785	search
21    0	185	0	2.172202	search
21    0	1102	0	2.1396174	search
21    0	923	0	2.0793204	search
21    0	27	0	2.064728	search
22    0	917	0	3.0131767	search
22    0	1114	0	2.9734333	search
22    0	336	0	2.6207304	search
22    0	891	0	2.572481	search
22    0	410	0	2.533638	search
22    0	216	0	2.4960656	search
22    0	215	0	2.412747	search
22    0	1027	0	2.365828	search
22    0	990	0	2.3527124	search
22    0	406	0	2.3298326	search
22    0	180	0	2.2691858	search
22    0	1139	0	2.2658546	search
22    0	136	0	2.1863968	search
22    0	1280	0	2.1787446	search
22    0	193	0	2.1361012	search
22    0	177	0	2.1331458	search
22    0	916	0	2.1238174	search
22    0	181	0	2.1152155	search
22    0	572	0	2.1131444	search
22    0	36	0	2.1015942	search
23    0	36	0	4.3810124	search
23    0	990	0	4.2246237	search
23    0	1114	0	3.7735248	search
23    0	406	0	3.6583567	search
23    0	1037	0	3.6541214	search
23    0	336	0	3.5732417	search
23    0	916	0	3.4547133	search
23    0	874	0	3.3326294	search
23    0	177	0	3.292041	search
23    0	11	0	3.265027	search
23    0	917	0	3.2109463	search
23    0	979	0	3.174729	search
23    0	202	0	3.13037	search
23    0	1139	0	3.046595	search
23    0	1193	0	2.936201	search
23    0	152	0	2.8785865	search
23    0	29	0	2.7996774	search
23    0	114	0	2.7519262	search
23    0	429	0	2.749709	search
23    0	180	0	2.7483714	search
24    0	924	0	11.548628	search
24    0	1166	0	10.5153265	search
24    0	896	0	10.161386	search
24    0	1423	0	8.923208	search
24    0	934	0	7.8624907	search
24    0	923	0	7.1722574	search
24    0	648	0	6.759158	search
24    0	144	0	6.749097	search
24    0	1325	0	6.4667916	search
24    0	1007	0	6.317294	search
24    0	910	0	5.96225	search
24    0	22	0	5.8683677	search
24    0	1275	0	5.859655	search
24    0	1206	0	5.681954	search
24    0	1239	0	5.660723	search
24    0	858	0	5.646609	search
24    0	692	0	5.603106	search
24    0	1403	0	5.541452	search
24    0	405	0	5.413312	search
24    0	241	0	5.3495703	search
25    0	1284	0	6.4157457	search
25    0	1289	0	4.7100263	search
25    0	440	0	3.824556	search
25    0	873	0	3.41285	search
25    0	1435	0	3.3960702	search
25    0	421	0	3.2671492	search
25    0	1231	0	3.2106838	search
25    0	717	0	3.0857756	search
25    0	999	0	2.6888893	search
25    0	1004	0	2.626785	search
25    0	591	0	2.6045558	search
25    0	1298	0	2.5863032	search
25    0	121	0	2.5791562	search
25    0	611	0	2.5644212	search
25    0	98	0	2.558315	search
25    0	1436	0	2.4929037	search
25    0	1078	0	2.474587	search
25    0	323	0	2.4597182	search
25    0	49	0	2.421869	search
25    0	1009	0	2.407181	search
26    0	860	0	5.1697125	search
26    0	615	0	4.6122336	search
26    0	591	0	4.6094646	search
26    0	865	0	4.481529	search
26    0	281	0	4.4228888	search
26    0	979	0	4.3829575	search
26    0	336	0	4.173638	search
26    0	974	0	4.1728377	search
26    0	639	0	3.9495473	search
26    0	840	0	3.8640687	search
26    0	1374	0	3.5504315	search
26    0	584	0	3.5365453	search
26    0	292	0	3.5023289	search
26    0	287	0	3.447018	search
26    0	74	0	3.4361014	search
26    0	299	0	3.4297228	search
26    0	468	0	3.397141	search
26    0	849	0	3.2073991	search
26    0	1100	0	3.1945276	search
26    0	822	0	3.1758468	search
27    0	1293	0	5.4144993	search
27    0	856	0	5.2301154	search
27    0	869	0	5.0001984	search
27    0	1197	0	4.968119	search
27    0	1078	0	4.9073896	search
27    0	680	0	4.7885838	search
27    0	375	0	4.758793	search
27    0	876	0	4.6110063	search
27    0	693	0	4.5710926	search
27    0	696	0	4.527104	search
27    0	1370	0	4.4519877	search
27    0	289	0	4.399569	search
27    0	1193	0	4.2490673	search
27    0	727	0	4.1199274	search
27    0	30	0	4.0968537	search
27    0	331	0	3.9850426	search
27    0	74	0	3.9230363	search
27    0	963	0	3.8484027	search
27    0	117	0	3.6879804	search
27    0	461	0	3.619013	search
28    0	696	0	4.2109	search
28    0	618	0	3.760852	search
28    0	116	0	3.702866	search
28    0	1460	0	3.4677725	search
28    0	1164	0	3.1495347	search
28    0	1162	0	3.0476594	search
28    0	1092	0	3.0237687	search
28    0	1293	0	2.8045294	search
28    0	676	0	2.7429023	search
28    0	641	0	2.7306905	search
28    0	460	0	2.6347203	search
28    0	856	0	2.6150577	search
28    0	198	0	2.5986438	search
28    0	1114	0	2.5335426	search
28    0	86	0	2.4931006	search
28    0	156	0	2.482879	search
28    0	375	0	2.4614177	search
28    0	117	0	2.437994	search
28    0	1125	0	2.4357986	search
28    0	722	0	2.3850784	search
29    0	869	0	4.2796106	search
29    0	377	0	3.5820563	search
29    0	1356	0	2.971362	search
29    0	824	0	2.6821039	search
29    0	773	0	2.6241815	search
29    0	74	0	2.6233947	search
29    0	715	0	2.6207113	search
29    0	856	0	2.6150577	search
29    0	1293	0	2.6099699	search
29    0	108	0	2.5389369	search
29    0	780	0	2.5118299	search
29    0	1419	0	2.4761088	search
29    0	1144	0	2.3810992	search
29    0	390	0	2.380806	search
29    0	512	0	2.3428986	search
29    0	1197	0	2.289411	search
29    0	693	0	2.2855463	search
29    0	680	0	2.2816596	search
29    0	876	0	2.2816596	search
29    0	289	0	2.1997845	search
30    0	717	0	3.0857756	search
30    0	1078	0	3.01932	search
30    0	1284	0	2.9443834	search
30    0	112	0	2.7896245	search
30    0	121	0	2.5791562	search
30    0	225	0	2.3800294	search
30    0	440	0	2.3537757	search
30    0	111	0	2.3458462	search
30    0	18	0	2.3428752	search
30    0	1298	0	2.2595787	search
30    0	198	0	2.2309406	search
30    0	905	0	2.219657	search
30    0	1097	0	2.1659653	search
30    0	1297	0	2.1530528	search
30    0	10	0	2.1223702	search
30    0	870	0	2.0883865	search
30    0	49	0	2.0739312	search
30    0	777	0	2.0519228	search
30    0	866	0	2.0379174	search
30    0	676	0	2.0282648	search
31    0	1297	0	3.310122	search
31    0	1370	0	3.1966028	search
31    0	535	0	3.177738	search
31    0	1299	0	2.9220862	search
31    0	1428	0	2.8107297	search
31    0	1208	0	2.7392387	search
31    0	85	0	2.6341941	search
31    0	313	0	2.232044	search
31    0	469	0	2.158097	search
31    0	545	0	2.1332304	search
31    0	1338	0	2.1110966	search
31    0	1260	0	2.0901952	search
31    0	614	0	2.088159	search
31    0	1386	0	2.083682	search
31    0	804	0	2.0833254	search
31    0	763	0	2.025034	search
31    0	111	0	1.9435589	search
31    0	889	0	1.9412153	search
31    0	1387	0	1.8532102	search
31    0	599	0	1.8376055	search
32    0	336	0	5.4810123	search
32    0	856	0	5.1790814	search
32    0	916	0	5.1765485	search
32    0	451	0	4.8172956	search
32    0	1421	0	4.624588	search
32    0	865	0	4.495394	search
32    0	849	0	4.483489	search
32    0	117	0	4.4098263	search
32    0	77	0	4.3251634	search
32    0	1280	0	4.3236685	search
32    0	869	0	4.23979	search
32    0	1118	0	4.2193136	search
32    0	1193	0	4.2170715	search
32    0	52	0	4.0686646	search
32    0	876	0	4.0524383	search
32    0	680	0	3.9824655	search
32    0	1191	0	3.9781814	search
32    0	180	0	3.9462225	search
32    0	1459	0	3.9132695	search
32    0	830	0	3.8879857	search
33    0	180	0	5.2863154	search
33    0	1081	0	5.2453623	search
33    0	57	0	4.6777163	search
33    0	1365	0	4.461728	search
33    0	519	0	4.457878	search
33    0	980	0	4.433403	search
33    0	1234	0	4.110705	search
33    0	336	0	3.8026037	search
33    0	363	0	3.6394184	search
33    0	1375	0	3.4515073	search
33    0	376	0	3.37023	search
33    0	400	0	3.2953231	search
33    0	492	0	3.2892268	search
33    0	1139	0	3.2590294	search
33    0	318	0	3.1810858	search
33    0	122	0	3.1733484	search
33    0	121	0	3.1652155	search
33    0	67	0	3.086767	search
33    0	615	0	3.0329516	search
33    0	949	0	3.024068	search
34    0	1199	0	4.0601215	search
34    0	668	0	3.7746224	search
34    0	1180	0	3.251428	search
34    0	521	0	3.051379	search
34    0	689	0	3.0137115	search
34    0	708	0	2.986893	search
34    0	869	0	2.8847024	search
34    0	34	0	2.8211584	search
34    0	53	0	2.760851	search
34    0	835	0	2.7257857	search
34    0	530	0	2.6442046	search
34    0	680	0	2.6314616	search
34    0	856	0	2.6150577	search
34    0	1293	0	2.6099699	search
34    0	1193	0	2.5997853	search
34    0	442	0	2.5899742	search
34    0	377	0	2.5827327	search
34    0	1391	0	2.5727813	search
34    0	675	0	2.5241494	search
34    0	876	0	2.520998	search
35    0	286	0	5.4380407	search
35    0	1207	0	4.90914	search
35    0	18	0	4.829012	search
35    0	385	0	4.700338	search
35    0	375	0	4.3961062	search
35    0	910	0	4.2861605	search
35    0	1145	0	4.1848416	search
35    0	130	0	3.9743824	search
35    0	1362	0	3.9631755	search
35    0	947	0	3.5785115	search
35    0	1298	0	3.565801	search
35    0	466	0	3.4940853	search
35    0	1245	0	3.4938807	search
35    0	421	0	3.234082	search
35    0	1121	0	3.2143466	search
35    0	179	0	3.1617393	search
35    0	1264	0	3.1388655	search
35    0	717	0	3.0857756	search
35    0	175	0	3.0642433	search
35    0	1449	0	3.0270667	search
36    0	1409	0	14.540141	search
36    0	1161	0	12.822647	search
36    0	1129	0	12.624189	search
36    0	1164	0	11.531717	search
36    0	1118	0	11.331027	search
36    0	1162	0	11.222969	search
36    0	760	0	11.101189	search
36    0	1382	0	9.980622	search
36    0	320	0	9.24315	search
36    0	1224	0	9.206734	search
36    0	578	0	8.960006	search
36    0	174	0	8.769161	search
36    0	213	0	8.719897	search
36    0	556	0	8.460648	search
36    0	1412	0	8.146996	search
36    0	1280	0	7.9449067	search
36    0	1124	0	7.2331405	search
36    0	1185	0	7.1543374	search
36    0	1267	0	6.623352	search
36    0	1443	0	6.333416	search
37    0	1152	0	10.122	search
37    0	79	0	9.892352	search
37    0	212	0	9.467285	search
37    0	1381	0	9.305506	search
37    0	1222	0	9.284319	search
37    0	757	0	8.986511	search
37    0	531	0	8.881041	search
37    0	688	0	8.753425	search
37    0	562	0	8.61152	search
37    0	798	0	8.382238	search
37    0	653	0	8.22691	search
37    0	149	0	7.942848	search
37    0	797	0	7.8877554	search
37    0	894	0	7.832185	search
37    0	1419	0	7.7534447	search
37    0	680	0	7.5349326	search
37    0	539	0	7.493967	search
37    0	354	0	7.355672	search
37    0	838	0	7.2971725	search
37    0	1326	0	7.2612977	search
38    0	445	0	9.581448	search
38    0	51	0	9.456562	search
38    0	567	0	9.43003	search
38    0	1392	0	9.094329	search
38    0	315	0	9.072032	search
38    0	34	0	8.956935	search
38    0	310	0	8.550492	search
38    0	1242	0	8.200973	search
38    0	478	0	8.187796	search
38    0	24	0	8.169864	search
38    0	504	0	8.141795	search
38    0	254	0	8.095579	search
38    0	1323	0	8.092519	search
38    0	38	0	8.037646	search
38    0	212	0	7.9575143	search
38    0	577	0	7.9406676	search
38    0	363	0	7.876375	search
38    0	1215	0	7.868158	search
38    0	1240	0	7.772565	search
38    0	634	0	7.752623	search
39    0	896	0	17.928411	search
39    0	1205	0	12.071522	search
39    0	847	0	11.364953	search
39    0	216	0	11.269054	search
39    0	924	0	11.119149	search
39    0	1134	0	10.751766	search
39    0	612	0	10.314266	search
39    0	388	0	10.281248	search
39    0	946	0	10.16912	search
39    0	124	0	10.124958	search
39    0	459	0	10.047913	search
39    0	1349	0	9.799282	search
39    0	1328	0	9.757601	search
39    0	231	0	9.6490755	search
39    0	344	0	9.189528	search
39    0	911	0	9.151228	search
39    0	1053	0	9.024204	search
39    0	907	0	8.870503	search
39    0	941	0	8.735113	search
39    0	405	0	8.730924	search
40    0	1118	0	9.553845	search
40    0	17	0	8.695554	search
40    0	1027	0	8.627196	search
40    0	828	0	8.155726	search
40    0	769	0	8.144166	search
40    0	1226	0	7.8123693	search
40    0	1280	0	7.4170437	search
40    0	1412	0	7.2765427	search
40    0	1004	0	7.244829	search
40    0	60	0	7.1220827	search
40    0	177	0	6.926536	search
40    0	389	0	6.8821726	search
40    0	1443	0	6.789138	search
40    0	138	0	6.67437	search
40    0	882	0	6.641003	search
40    0	888	0	6.6073093	search
40    0	1234	0	6.581924	search
40    0	1079	0	6.4338374	search
40    0	816	0	6.348162	search
40    0	1043	0	6.320377	search
41    0	388	0	12.894938	search
41    0	848	0	11.447462	search
41    0	798	0	10.987276	search
41    0	872	0	10.905496	search
41    0	1222	0	10.543121	search
41    0	86	0	10.187202	search
41    0	326	0	9.999445	search
41    0	62	0	9.732516	search
41    0	1066	0	9.524687	search
41    0	867	0	8.886605	search
41    0	61	0	8.854007	search
41    0	719	0	8.792502	search
41    0	510	0	8.574859	search
41    0	259	0	8.510393	search
41    0	758	0	8.444934	search
41    0	1326	0	8.317318	search
41    0	825	0	8.251218	search
41    0	209	0	8.129675	search
41    0	1189	0	7.940329	search
41    0	189	0	7.8914022	search
42    0	413	0	8.4546585	search
42    0	1046	0	7.561793	search
42    0	971	0	7.267459	search
42    0	459	0	7.189921	search
42    0	1179	0	7.1468897	search
42    0	896	0	7.145224	search
42    0	953	0	7.059456	search
42    0	254	0	6.8849244	search
42    0	265	0	6.5498233	search
42    0	320	0	6.4910326	search
42    0	114	0	6.360449	search
42    0	131	0	6.3223743	search
42    0	247	0	5.9964237	search
42    0	259	0	5.834582	search
42    0	1259	0	5.8043184	search
42    0	60	0	5.7995596	search
42    0	1315	0	5.7690887	search
42    0	116	0	5.6154013	search
42    0	1050	0	5.560635	search
42    0	442	0	5.5331593	search
43    0	27	0	8.962935	search
43    0	1327	0	8.74075	search
43    0	467	0	8.4885435	search
43    0	374	0	8.438613	search
43    0	114	0	8.314294	search
43    0	477	0	8.204889	search
43    0	1431	0	8.109966	search
43    0	200	0	7.6118255	search
43    0	1255	0	7.603481	search
43    0	1045	0	7.483903	search
43    0	1371	0	7.3878746	search
43    0	419	0	7.385195	search
43    0	1058	0	7.285066	search
43    0	1041	0	7.236518	search
43    0	722	0	7.169583	search
43    0	363	0	7.093255	search
43    0	1444	0	7.0694494	search
43    0	458	0	7.023527	search
43    0	538	0	7.023527	search
43    0	148	0	6.9596505	search
44    0	777	0	11.969457	search
44    0	1460	0	11.913031	search
44    0	691	0	11.733626	search
44    0	1083	0	11.623895	search
44    0	770	0	10.962887	search
44    0	1335	0	10.638409	search
44    0	744	0	10.628941	search
44    0	821	0	10.350584	search
44    0	1167	0	10.287499	search
44    0	794	0	10.11817	search
44    0	977	0	10.111879	search
44    0	588	0	10.039085	search
44    0	986	0	9.958493	search
44    0	1210	0	9.656941	search
44    0	253	0	9.462481	search
44    0	1172	0	9.302309	search
44    0	560	0	9.273479	search
44    0	782	0	8.845001	search
44    0	41	0	8.837371	search
44    0	111	0	8.828343	search
45    0	177	0	15.88627	search
45    0	281	0	14.908597	search
45    0	336	0	14.835141	search
45    0	406	0	14.508314	search
45    0	916	0	13.830498	search
45    0	860	0	13.4279785	search
45    0	1280	0	13.352543	search
45    0	849	0	12.610204	search
45    0	990	0	12.22166	search
45    0	917	0	12.174893	search
45    0	1027	0	11.723022	search
45    0	11	0	11.618908	search
45    0	287	0	11.419177	search
45    0	979	0	11.156689	search
45    0	180	0	10.9846	search
45    0	24	0	10.758397	search
45    0	136	0	10.742935	search
45    0	1212	0	10.675061	search
45    0	178	0	10.519796	search
45    0	1139	0	10.354866	search
46    0	374	0	15.102854	search
46    0	352	0	14.368492	search
46    0	177	0	13.30088	search
46    0	888	0	13.161885	search
46    0	1324	0	12.414806	search
46    0	877	0	12.266036	search
46    0	922	0	12.233785	search
46    0	856	0	12.031533	search
46    0	1003	0	11.70941	search
46    0	305	0	11.538623	search
46    0	11	0	11.044555	search
46    0	1357	0	10.965025	search
46    0	979	0	10.842392	search
46    0	408	0	10.682068	search
46    0	1221	0	10.668197	search
46    0	1193	0	10.5144205	search
46    0	115	0	10.398331	search
46    0	178	0	10.2420635	search
46    0	200	0	10.128465	search
46    0	706	0	9.902568	search
47    0	873	0	13.485233	search
47    0	996	0	13.072662	search
47    0	130	0	12.619044	search
47    0	1245	0	10.79671	search
47    0	131	0	10.537271	search
47    0	1004	0	9.722806	search
47    0	1436	0	9.685367	search
47    0	1189	0	9.640849	search
47    0	1231	0	9.551283	search
47    0	411	0	9.4814415	search
47    0	664	0	9.29019	search
47    0	487	0	9.264928	search
47    0	1289	0	9.250663	search
47    0	232	0	9.154086	search
47    0	157	0	9.10866	search
47    0	1435	0	9.096803	search
47    0	769	0	8.934796	search
47    0	796	0	8.798033	search
47    0	323	0	8.713244	search
47    0	1441	0	8.690714	search
48    0	1045	0	12.90098	search
48    0	257	0	12.744211	search
48    0	131	0	12.4047	search
48    0	445	0	11.799771	search
48    0	381	0	11.641556	search
48    0	1219	0	11.044562	search
48    0	1150	0	10.994616	search
48    0	895	0	10.568244	search
48    0	462	0	10.473699	search
48    0	1408	0	10.437392	search
48    0	1411	0	10.322623	search
48    0	375	0	10.30249	search
48    0	373	0	10.219437	search
48    0	535	0	10.082587	search
48    0	1242	0	10.048194	search
48    0	1151	0	9.989149	search
48    0	116	0	9.907904	search
48    0	925	0	9.656558	search
48    0	1148	0	9.616279	search
48    0	599	0	9.581164	search
49    0	545	0	16.16206	search
49    0	866	0	14.199827	search
49    0	1273	0	13.688568	search
49    0	544	0	12.402783	search
49    0	769	0	11.795217	search
49    0	1082	0	11.581467	search
49    0	1130	0	11.362863	search
49    0	313	0	11.32438	search
49    0	66	0	11.291861	search
49    0	147	0	11.270623	search
49    0	459	0	11.239703	search
49    0	664	0	11.16642	search
49    0	60	0	11.165421	search
49    0	414	0	11.130648	search
49    0	1268	0	11.057819	search
49    0	1027	0	11.040059	search
49    0	1205	0	10.944551	search
49    0	323	0	10.92674	search
49    0	1330	0	10.860976	search
49    0	424	0	10.805778	search
50    0	261	0	22.388163	search
50    0	838	0	18.572535	search
50    0	388	0	17.754416	search
50    0	746	0	16.258253	search
50    0	1430	0	16.202919	search
50    0	989	0	15.369816	search
50    0	539	0	14.019424	search
50    0	485	0	13.958804	search
50    0	1	0	13.696637	search
50    0	1442	0	13.649108	search
50    0	1446	0	13.627651	search
50    0	377	0	13.099269	search
50    0	966	0	13.098489	search
50    0	263	0	13.0178385	search
50    0	1202	0	12.969891	search
50    0	1115	0	12.477725	search
50    0	1259	0	12.477058	search
50    0	1075	0	12.037446	search
50    0	802	0	11.968435	search
50    0	931	0	11.748993	search
51    0	1222	0	16.849543	search
51    0	1139	0	13.092665	search
51    0	1118	0	12.647866	search
51    0	1171	0	11.50798	search
51    0	1175	0	11.280655	search
51    0	1124	0	11.062351	search
51    0	1120	0	8.989552	search
51    0	478	0	7.9016633	search
51    0	1448	0	7.5614767	search
51    0	1131	0	7.1777244	search
51    0	176	0	7.063884	search
51    0	668	0	6.8435745	search
51    0	1073	0	6.7368965	search
51    0	434	0	6.032643	search
51    0	30	0	5.856119	search
51    0	390	0	5.778262	search
51    0	664	0	5.6368318	search
51    0	146	0	5.585567	search
51    0	151	0	5.534361	search
51    0	539	0	5.4833083	search
52    0	382	0	17.476923	search
52    0	986	0	13.946138	search
52    0	452	0	13.51238	search
52    0	586	0	12.905763	search
52    0	194	0	11.604885	search
52    0	75	0	11.511313	search
52    0	828	0	11.326409	search
52    0	883	0	11.280955	search
52    0	210	0	10.655334	search
52    0	1051	0	10.532774	search
52    0	468	0	10.376938	search
52    0	882	0	10.362054	search
52    0	72	0	10.361088	search
52    0	220	0	10.316087	search
52    0	547	0	9.681401	search
52    0	790	0	9.36256	search
52    0	1147	0	9.2944765	search
52    0	1055	0	9.151664	search
52    0	888	0	9.021068	search
52    0	624	0	8.825971	search
53    0	1249	0	15.191084	search
53    0	177	0	14.503446	search
53    0	905	0	13.198871	search
53    0	696	0	12.812226	search
53    0	828	0	12.245836	search
53    0	147	0	11.494079	search
53    0	860	0	11.020423	search
53    0	1330	0	10.7715225	search
53    0	1027	0	10.761763	search
53    0	882	0	10.536994	search
53    0	907	0	10.491216	search
53    0	24	0	10.372399	search
53    0	865	0	10.18328	search
53    0	190	0	10.147509	search
53    0	66	0	10.036791	search
53    0	1429	0	9.915148	search
53    0	364	0	9.884888	search
53    0	1280	0	9.667453	search
53    0	197	0	9.641302	search
53    0	180	0	9.525827	search
54    0	283	0	10.738086	search
54    0	916	0	10.17172	search
54    0	392	0	8.668715	search
54    0	177	0	8.644672	search
54    0	1318	0	8.4562025	search
54    0	1457	0	8.016722	search
54    0	1455	0	7.9798536	search
54    0	406	0	7.4341106	search
54    0	293	0	7.2809744	search
54    0	299	0	7.2806025	search
54    0	187	0	7.1065383	search
54    0	141	0	7.0813684	search
54    0	917	0	7.058158	search
54    0	22	0	6.9283466	search
54    0	281	0	6.7771916	search
54    0	336	0	6.7580185	search
54    0	1268	0	6.731526	search
54    0	1242	0	6.5702157	search
54    0	975	0	6.4637494	search
54    0	17	0	6.4549794	search
55    0	382	0	14.618239	search
55    0	883	0	12.372727	search
55    0	1051	0	11.377633	search
55    0	986	0	10.642746	search
55    0	452	0	10.30347	search
55    0	608	0	10.027937	search
55    0	75	0	9.689375	search
55    0	806	0	9.430446	search
55    0	603	0	9.32834	search
55    0	828	0	8.721696	search
55    0	72	0	8.560119	search
55    0	526	0	8.113125	search
55    0	586	0	7.966583	search
55    0	60	0	6.6008635	search
55    0	907	0	6.556749	search
55    0	194	0	6.5085096	search
55    0	24	0	6.485733	search
55    0	1214	0	6.2413626	search
55    0	810	0	6.07131	search
55    0	853	0	5.8298063	search
56    0	275	0	12.130047	search
56    0	798	0	9.765906	search
56    0	209	0	9.518445	search
56    0	872	0	8.866034	search
56    0	941	0	8.680562	search
56    0	998	0	8.543571	search
56    0	326	0	8.522724	search
56    0	848	0	8.315808	search
56    0	299	0	8.252375	search
56    0	970	0	8.230108	search
56    0	276	0	7.886985	search
56    0	990	0	7.7769437	search
56    0	1216	0	7.5671654	search
56    0	1448	0	7.4596148	search
56    0	282	0	7.3674026	search
56    0	388	0	7.122762	search
56    0	1395	0	7.067108	search
56    0	1289	0	7.016531	search
56    0	940	0	6.863185	search
56    0	271	0	6.859609	search
57    0	848	0	14.698436	search
57    0	990	0	12.035921	search
57    0	326	0	11.737353	search
57    0	1230	0	11.14856	search
57    0	746	0	11.006904	search
57    0	480	0	10.9358015	search
57    0	1366	0	10.792816	search
57    0	1024	0	10.255285	search
57    0	276	0	10.090988	search
57    0	333	0	9.747779	search
57    0	1216	0	9.362644	search
57    0	970	0	9.3513565	search
57    0	1395	0	9.2766485	search
57    0	798	0	9.144564	search
57    0	215	0	8.971529	search
57    0	836	0	8.900751	search
57    0	859	0	8.885193	search
57    0	90	0	8.659622	search
57    0	1326	0	8.463025	search
57    0	136	0	8.371917	search
58    0	884	0	13.583576	search
58    0	1011	0	13.262767	search
58    0	281	0	13.2571125	search
58    0	1043	0	13.155509	search
58    0	898	0	12.695758	search
58    0	1367	0	11.846428	search
58    0	645	0	11.544376	search
58    0	96	0	11.521372	search
58    0	584	0	11.483718	search
58    0	885	0	11.304395	search
58    0	879	0	11.293615	search
58    0	1149	0	11.081828	search
58    0	955	0	11.0527315	search
58    0	140	0	11.047324	search
58    0	1171	0	11.018342	search
58    0	1303	0	10.974624	search
58    0	216	0	10.755081	search
58    0	1013	0	10.605348	search
58    0	528	0	10.431539	search
58    0	1416	0	10.394471	search
59    0	806	0	25.911692	search
59    0	492	0	23.230486	search
59    0	43	0	18.484213	search
59    0	712	0	18.383942	search
59    0	523	0	18.142117	search
59    0	1195	0	18.038076	search
59    0	586	0	17.87759	search
59    0	487	0	16.76795	search
59    0	486	0	16.652925	search
59    0	894	0	16.616135	search
59    0	636	0	16.517447	search
59    0	603	0	16.352633	search
59    0	390	0	16.345665	search
59    0	510	0	16.272903	search
59    0	702	0	16.27209	search
59    0	595	0	16.184788	search
59    0	61	0	16.103823	search
59    0	565	0	15.940128	search
59    0	810	0	15.840988	search
59    0	895	0	15.618176	search
60    0	444	0	29.70859	search
60    0	632	0	28.316256	search
60    0	713	0	27.1919	search
60    0	50	0	27.016054	search
60    0	486	0	26.821255	search
60    0	806	0	26.799892	search
60    0	956	0	25.91518	search
60    0	39	0	25.556286	search
60    0	523	0	25.464901	search
60    0	61	0	24.627148	search
60    0	487	0	24.571451	search
60    0	70	0	24.297909	search
60    0	473	0	23.614742	search
60    0	492	0	22.700245	search
60    0	485	0	21.48706	search
60    0	962	0	21.078125	search
60    0	568	0	20.82973	search
60    0	1274	0	19.908295	search
60    0	623	0	19.19084	search
60    0	625	0	18.961407	search
61    0	606	0	16.09149	search
61    0	518	0	14.159387	search
61    0	579	0	13.151469	search
61    0	1327	0	12.229101	search
61    0	165	0	11.356463	search
61    0	451	0	11.206277	search
61    0	1156	0	11.097435	search
61    0	612	0	10.752324	search
61    0	483	0	10.307637	search
61    0	349	0	10.29615	search
61    0	378	0	10.021776	search
61    0	15	0	10.012127	search
61    0	682	0	9.947015	search
61    0	175	0	9.933682	search
61    0	594	0	9.651968	search
61    0	575	0	9.516568	search
61    0	179	0	9.492066	search
61    0	448	0	9.359876	search
61    0	621	0	9.31901	search
61    0	487	0	9.224253	search
62    0	455	0	25.68315	search
62    0	464	0	23.301043	search
62    0	54	0	20.615713	search
62    0	430	0	19.340637	search
62    0	810	0	18.90204	search
62    0	319	0	15.9285145	search
62    0	739	0	15.616183	search
62    0	81	0	14.314391	search
62    0	1230	0	13.947773	search
62    0	773	0	13.84079	search
62    0	443	0	13.238537	search
62    0	446	0	13.056316	search
62    0	745	0	12.684373	search
62    0	562	0	12.594287	search
62    0	824	0	12.278497	search
62    0	790	0	11.556676	search
62    0	58	0	11.417758	search
62    0	512	0	11.312649	search
62    0	523	0	11.051139	search
62    0	587	0	10.748049	search
63    0	1375	0	19.892046	search
63    0	467	0	18.903406	search
63    0	309	0	17.676966	search
63    0	1143	0	17.018051	search
63    0	617	0	16.819988	search
63    0	1376	0	16.52741	search
63    0	425	0	16.060514	search
63    0	1089	0	15.814885	search
63    0	534	0	15.58466	search
63    0	594	0	15.57516	search
63    0	593	0	15.390445	search
63    0	703	0	14.899384	search
63    0	72	0	14.762733	search
63    0	529	0	14.478953	search
63    0	634	0	14.3388195	search
63    0	615	0	14.191743	search
63    0	623	0	13.807878	search
63    0	294	0	13.616626	search
63    0	579	0	13.537714	search
63    0	465	0	13.462684	search
64    0	313	0	12.661753	search
64    0	1023	0	12.0708475	search
64    0	1314	0	12.037923	search
64    0	1211	0	11.679346	search
64    0	944	0	11.0743065	search
64    0	541	0	11.0481415	search
64    0	1188	0	10.581927	search
64    0	977	0	10.574833	search
64    0	1014	0	10.257596	search
64    0	988	0	10.234385	search
64    0	746	0	10.163221	search
64    0	982	0	9.717092	search
64    0	1115	0	9.630794	search
64    0	1352	0	9.6218195	search
64    0	635	0	9.530863	search
64    0	393	0	9.47054	search
64    0	321	0	9.41854	search
64    0	1119	0	9.316868	search
64    0	1274	0	9.251774	search
64    0	1065	0	9.233887	search
65    0	509	0	30.838223	search
65    0	448	0	28.667955	search
65    0	577	0	22.904041	search
65    0	518	0	20.596062	search
65    0	483	0	19.326305	search
65    0	603	0	18.82357	search
65    0	566	0	18.443172	search
65    0	444	0	18.16833	search
65    0	485	0	18.11048	search
65    0	422	0	17.791162	search
65    0	487	0	17.496881	search
65    0	486	0	16.88746	search
65    0	510	0	16.759592	search
65    0	576	0	16.02078	search
65    0	62	0	15.789027	search
65    0	1313	0	15.518526	search
65    0	727	0	15.429342	search
65    0	956	0	15.410443	search
65    0	895	0	15.172757	search
65    0	575	0	15.092521	search
66    0	1303	0	18.114683	search
66    0	947	0	14.73906	search
66    0	218	0	13.651156	search
66    0	885	0	12.11554	search
66    0	375	0	11.487114	search
66    0	1367	0	11.401581	search
66    0	119	0	11.198133	search
66    0	1013	0	10.782057	search
66    0	1285	0	10.723307	search
66    0	580	0	10.502913	search
66    0	654	0	10.266541	search
66    0	376	0	9.6983185	search
66    0	916	0	9.620873	search
66    0	854	0	9.367396	search
66    0	214	0	9.311517	search
66    0	1376	0	9.158836	search
66    0	528	0	9.0439205	search
66    0	534	0	9.023613	search
66    0	529	0	8.846313	search
66    0	1370	0	8.839993	search
67    0	830	0	39.531975	search
67    0	564	0	35.835556	search
67    0	677	0	33.17481	search
67    0	671	0	30.26238	search
67    0	1248	0	29.884468	search
67    0	421	0	29.722548	search
67    0	643	0	28.867716	search
67    0	483	0	28.61344	search
67    0	659	0	28.567131	search
67    0	1222	0	27.896996	search
67    0	446	0	27.141945	search
67    0	191	0	25.659832	search
67    0	662	0	25.646368	search
67    0	45	0	25.014076	search
67    0	692	0	24.876986	search
67    0	385	0	24.874266	search
67    0	666	0	24.800867	search
67    0	1174	0	24.634817	search
67    0	1124	0	24.540442	search
67    0	522	0	24.448761	search
68    0	570	0	25.648737	search
68    0	812	0	19.319965	search
68    0	562	0	18.895147	search
68    0	72	0	18.281553	search
68    0	479	0	17.57989	search
68    0	362	0	17.449438	search
68    0	446	0	16.899368	search
68    0	608	0	16.571884	search
68    0	1174	0	16.310482	search
68    0	503	0	16.225271	search
68    0	1431	0	16.092752	search
68    0	86	0	15.816261	search
68    0	509	0	15.499156	search
68    0	894	0	15.304971	search
68    0	328	0	15.023858	search
68    0	329	0	14.998409	search
68    0	84	0	14.911655	search
68    0	485	0	14.870583	search
68    0	659	0	14.747934	search
68    0	1421	0	14.715988	search
69    0	739	0	24.592321	search
69    0	501	0	20.585327	search
69    0	798	0	19.751657	search
69    0	212	0	17.8312	search
69    0	30	0	17.297054	search
69    0	511	0	17.219187	search
69    0	530	0	17.059273	search
69    0	151	0	16.659975	search
69    0	1163	0	16.201317	search
69    0	390	0	16.117296	search
69    0	1073	0	16.031252	search
69    0	442	0	15.881438	search
69    0	593	0	15.6333475	search
69    0	1133	0	15.632358	search
69    0	989	0	15.413643	search
69    0	606	0	15.39314	search
69    0	1118	0	15.38668	search
69    0	812	0	15.378827	search
69    0	848	0	15.327034	search
69    0	873	0	15.166375	search
70    0	1038	0	30.133404	search
70    0	572	0	27.11769	search
70    0	948	0	26.038815	search
70    0	1040	0	25.900305	search
70    0	304	0	25.61946	search
70    0	1015	0	24.552544	search
70    0	593	0	24.250576	search
70    0	368	0	23.492672	search
70    0	296	0	23.038004	search
70    0	1183	0	21.669538	search
70    0	1402	0	21.648733	search
70    0	140	0	21.617588	search
70    0	151	0	21.499702	search
70    0	630	0	21.474957	search
70    0	1142	0	21.405806	search
70    0	1150	0	20.937183	search
70    0	1317	0	20.73046	search
70    0	74	0	20.311207	search
70    0	291	0	20.206747	search
70    0	301	0	20.140505	search
71    0	499	0	30.516909	search
71    0	666	0	29.325064	search
71    0	483	0	24.345839	search
71    0	1131	0	22.537413	search
71    0	1124	0	21.87975	search
71    0	1281	0	21.8677	search
71    0	363	0	20.641396	search
71    0	69	0	20.63546	search
71    0	175	0	19.524746	search
71    0	420	0	18.675385	search
71    0	1159	0	17.865686	search
71    0	179	0	17.858194	search
71    0	35	0	17.06801	search
71    0	448	0	17.056202	search
71    0	1161	0	16.92898	search
71    0	746	0	16.576042	search
71    0	317	0	16.143167	search
71    0	116	0	15.953263	search
71    0	565	0	15.772246	search
71    0	1323	0	15.7407465	search
72    0	636	0	38.250565	search
72    0	68	0	29.6689	search
72    0	810	0	22.667118	search
72    0	478	0	22.5466	search
72    0	806	0	21.398401	search
72    0	603	0	20.44911	search
72    0	71	0	19.238966	search
72    0	1419	0	19.04932	search
72    0	1091	0	18.79975	search
72    0	84	0	18.714521	search
72    0	487	0	18.228369	search
72    0	495	0	17.973192	search
72    0	492	0	17.59052	search
72    0	86	0	17.452005	search
72    0	807	0	17.346802	search
72    0	523	0	17.192282	search
72    0	565	0	17.066216	search
72    0	595	0	16.88532	search
72    0	1175	0	16.75822	search
72    0	486	0	16.749224	search
73    0	318	0	31.168335	search
73    0	1118	0	28.599869	search
73    0	871	0	22.724308	search
73    0	1124	0	21.733204	search
73    0	1197	0	20.620365	search
73    0	737	0	19.349756	search
73    0	1171	0	18.76266	search
73    0	1175	0	18.560877	search
73    0	1222	0	18.337774	search
73    0	876	0	18.270569	search
73    0	1139	0	16.853306	search
73    0	875	0	16.695318	search
73    0	521	0	16.592754	search
73    0	478	0	16.539225	search
73    0	869	0	16.173683	search
73    0	835	0	15.988791	search
73    0	836	0	15.543072	search
73    0	1131	0	15.33492	search
73    0	511	0	15.208455	search
73    0	708	0	15.088316	search
74    0	211	0	22.869513	search
74    0	119	0	18.781582	search
74    0	972	0	18.586847	search
74    0	654	0	18.556284	search
74    0	218	0	18.28093	search
74    0	947	0	18.211664	search
74    0	854	0	17.643826	search
74    0	885	0	17.362795	search
74    0	1285	0	16.700668	search
74    0	1198	0	16.439983	search
74    0	1303	0	16.26762	search
74    0	1146	0	16.138811	search
74    0	1013	0	15.708165	search
74    0	823	0	15.258819	search
74    0	1342	0	14.685749	search
74    0	916	0	14.518379	search
74    0	214	0	14.5019045	search
74    0	1171	0	14.371913	search
74    0	1011	0	14.169532	search
74    0	884	0	14.021851	search
75    0	1427	0	18.00587	search
75    0	168	0	9.325928	search
75    0	317	0	9.243882	search
75    0	310	0	8.966747	search
75    0	68	0	8.888672	search
75    0	572	0	8.802001	search
75    0	84	0	8.426809	search
75    0	1185	0	8.204851	search
75    0	1338	0	7.656468	search
75    0	909	0	7.637488	search
75    0	542	0	7.5877733	search
75    0	641	0	7.5376334	search
75    0	571	0	7.4001694	search
75    0	1019	0	7.357925	search
75    0	477	0	7.310293	search
75    0	438	0	7.2005754	search
75    0	660	0	7.135695	search
75    0	636	0	7.11116	search
75    0	236	0	6.9179893	search
75    0	335	0	6.857564	search
76    0	211	0	17.745066	search
76    0	1011	0	17.395632	search
76    0	1247	0	12.684742	search
76    0	992	0	12.444975	search
76    0	1236	0	12.361316	search
76    0	983	0	12.227054	search
76    0	1354	0	12.122555	search
76    0	654	0	11.171367	search
76    0	854	0	11.017587	search
76    0	82	0	10.956365	search
76    0	352	0	10.645787	search
76    0	192	0	10.16771	search
76    0	1206	0	10.092597	search
76    0	775	0	10.05396	search
76    0	1397	0	9.9495125	search
76    0	130	0	9.9201765	search
76    0	394	0	9.870024	search
76    0	950	0	9.8565445	search
76    0	119	0	9.753208	search
76    0	953	0	9.466824	search
77    0	746	0	15.936631	search
77    0	499	0	15.066075	search
77    0	480	0	14.2272835	search
77    0	492	0	13.2346	search
77    0	526	0	13.020107	search
77    0	820	0	12.813952	search
77    0	659	0	12.445261	search
77    0	565	0	12.368027	search
77    0	726	0	11.931285	search
77    0	702	0	11.834143	search
77    0	486	0	11.758082	search
77    0	810	0	11.711228	search
77    0	586	0	11.621471	search
77    0	44	0	11.485871	search
77    0	483	0	11.204199	search
77    0	318	0	11.202155	search
77    0	603	0	11.176706	search
77    0	845	0	10.920349	search
77    0	1175	0	10.919399	search
77    0	894	0	10.898196	search
78    0	397	0	11.720344	search
78    0	277	0	11.003953	search
78    0	1427	0	10.977602	search
78    0	761	0	10.902834	search
78    0	511	0	10.465076	search
78    0	1163	0	10.071363	search
78    0	263	0	9.782213	search
78    0	1129	0	9.706474	search
78    0	128	0	9.562241	search
78    0	396	0	9.38372	search
78    0	168	0	9.0495825	search
78    0	1371	0	8.898673	search
78    0	660	0	8.878137	search
78    0	1073	0	8.865863	search
78    0	399	0	8.563128	search
78    0	965	0	8.370266	search
78    0	61	0	8.097734	search
78    0	445	0	8.076644	search
78    0	276	0	8.041182	search
78    0	1030	0	8.038961	search
79    0	450	0	21.44772	search
79    0	706	0	17.140615	search
79    0	708	0	16.899378	search
79    0	487	0	15.040559	search
79    0	680	0	13.57252	search
79    0	565	0	12.302295	search
79    0	956	0	12.0356045	search
79    0	523	0	11.773392	search
79    0	615	0	11.6196575	search
79    0	700	0	11.495553	search
79    0	890	0	11.144188	search
79    0	1171	0	11.108298	search
79    0	875	0	11.023675	search
79    0	1366	0	10.739223	search
79    0	1417	0	10.016563	search
79    0	341	0	9.957628	search
79    0	500	0	9.92859	search
79    0	806	0	9.893612	search
79    0	175	0	9.8888445	search
79    0	179	0	9.868752	search
80    0	631	0	30.410437	search
80    0	759	0	28.193731	search
80    0	778	0	23.991568	search
80    0	748	0	22.98818	search
80    0	1416	0	22.894377	search
80    0	751	0	22.411982	search
80    0	605	0	22.31409	search
80    0	649	0	21.141232	search
80    0	552	0	20.704515	search
80    0	765	0	20.691217	search
80    0	229	0	20.660112	search
80    0	1196	0	20.255089	search
80    0	106	0	19.599442	search
80    0	744	0	19.367239	search
80    0	1090	0	18.81989	search
80    0	79	0	18.51395	search
80    0	1172	0	18.33346	search
80    0	804	0	17.595219	search
80    0	167	0	17.189573	search
80    0	526	0	17.033869	search
81    0	1323	0	39.453903	search
81    0	35	0	34.447094	search
81    0	175	0	18.948307	search
81    0	1171	0	17.504799	search
81    0	779	0	17.33684	search
81    0	179	0	17.205753	search
81    0	350	0	16.579124	search
81    0	1027	0	15.593987	search
81    0	1399	0	15.532825	search
81    0	459	0	14.996927	search
81    0	336	0	14.635052	search
81    0	67	0	14.605007	search
81    0	736	0	14.267342	search
81    0	572	0	14.13943	search
81    0	674	0	14.07572	search
81    0	213	0	13.863478	search
81    0	884	0	13.848943	search
81    0	497	0	13.727663	search
81    0	883	0	13.437371	search
81    0	585	0	13.225535	search
82    0	310	0	17.837845	search
82    0	25	0	17.348701	search
82    0	464	0	17.049227	search
82    0	804	0	15.52195	search
82    0	805	0	14.518016	search
82    0	516	0	14.012031	search
82    0	397	0	13.9910345	search
82    0	478	0	13.887823	search
82    0	1419	0	13.521378	search
82    0	1039	0	13.227391	search
82    0	778	0	13.211291	search
82    0	73	0	13.117527	search
82    0	539	0	13.064887	search
82    0	1073	0	12.879676	search
82    0	590	0	12.806245	search
82    0	1218	0	12.507406	search
82    0	1117	0	12.284317	search
82    0	352	0	12.218995	search
82    0	1320	0	12.217491	search
82    0	1125	0	12.155197	search
83    0	350	0	32.614315	search
83    0	7	0	32.11409	search
83    0	1211	0	31.13098	search
83    0	617	0	19.667267	search
83    0	703	0	18.585096	search
83    0	855	0	18.04711	search
83    0	834	0	17.62613	search
83    0	422	0	17.334885	search
83    0	420	0	16.824354	search
83    0	1004	0	15.696158	search
83    0	1327	0	15.373774	search
83    0	309	0	15.249935	search
83    0	1361	0	14.871496	search
83    0	593	0	14.45059	search
83    0	529	0	14.337463	search
83    0	880	0	14.253232	search
83    0	773	0	14.096446	search
83    0	57	0	13.7500515	search
83    0	1073	0	13.620103	search
83    0	879	0	13.434444	search
84    0	810	0	19.552166	search
84    0	523	0	18.185608	search
84    0	444	0	17.109858	search
84    0	486	0	16.403524	search
84    0	806	0	16.383726	search
84    0	603	0	16.253191	search
84    0	448	0	15.244967	search
84    0	487	0	14.985623	search
84    0	70	0	14.703185	search
84    0	608	0	14.523336	search
84    0	492	0	14.240289	search
84    0	564	0	14.101443	search
84    0	754	0	13.887616	search
84    0	519	0	13.458692	search
84    0	659	0	13.094589	search
84    0	956	0	12.8219385	search
84    0	54	0	12.666109	search
84    0	446	0	12.433639	search
84    0	309	0	12.405489	search
84    0	662	0	12.184135	search
85    0	1427	0	31.652153	search
85    0	706	0	22.547592	search
85    0	595	0	21.50961	search
85    0	1416	0	21.38508	search
85    0	1223	0	20.83446	search
85    0	317	0	20.4655	search
85    0	553	0	20.402359	search
85    0	512	0	19.86715	search
85    0	134	0	19.58615	search
85    0	615	0	19.489565	search
85    0	1073	0	19.388868	search
85    0	481	0	19.32225	search
85    0	399	0	19.010998	search
85    0	7	0	18.971882	search
85    0	902	0	18.870152	search
85    0	1139	0	18.803734	search
85    0	631	0	18.588507	search
85    0	1038	0	18.384396	search
85    0	1225	0	18.313772	search
85    0	1185	0	18.19943	search
86    0	862	0	21.729593	search
86    0	808	0	20.277407	search
86    0	1117	0	19.760817	search
86    0	820	0	15.724665	search
86    0	425	0	15.552546	search
86    0	923	0	15.21175	search
86    0	596	0	14.728699	search
86    0	587	0	14.665653	search
86    0	451	0	14.4845	search
86    0	380	0	14.101667	search
86    0	317	0	13.480944	search
86    0	1327	0	13.445641	search
86    0	1416	0	13.428439	search
86    0	419	0	12.839634	search
86    0	581	0	12.619388	search
86    0	464	0	12.6084385	search
86    0	663	0	12.328799	search
86    0	1221	0	12.1218405	search
86    0	516	0	12.037778	search
86    0	1298	0	12.006729	search
87    0	534	0	42.785007	search
87    0	892	0	23.778646	search
87    0	579	0	21.279089	search
87    0	145	0	20.625734	search
87    0	1252	0	19.733957	search
87    0	617	0	19.41325	search
87    0	1371	0	19.318743	search
87    0	880	0	19.231241	search
87    0	822	0	18.80124	search
87    0	993	0	18.153074	search
87    0	286	0	17.97572	search
87    0	897	0	17.256407	search
87    0	1207	0	16.760847	search
87    0	591	0	16.640455	search
87    0	615	0	16.326424	search
87    0	13	0	16.326288	search
87    0	1419	0	15.847583	search
87    0	815	0	15.678917	search
87    0	1131	0	15.504434	search
87    0	1042	0	15.495106	search
88    0	317	0	23.773193	search
88    0	1139	0	17.226965	search
88    0	1164	0	16.032486	search
88    0	1162	0	15.541962	search
88    0	396	0	15.520935	search
88    0	539	0	15.363731	search
88    0	434	0	15.272499	search
88    0	1024	0	14.785446	search
88    0	755	0	14.030397	search
88    0	1225	0	13.622112	search
88    0	530	0	13.503577	search
88    0	1414	0	13.276515	search
88    0	1327	0	13.076112	search
88    0	19	0	12.4128685	search
88    0	572	0	12.349935	search
88    0	637	0	12.314146	search
88    0	814	0	12.188067	search
88    0	390	0	12.134315	search
88    0	1280	0	11.937034	search
88    0	445	0	11.916215	search
89    0	145	0	21.641117	search
89    0	534	0	19.939516	search
89    0	591	0	19.861578	search
89    0	579	0	19.217226	search
89    0	490	0	13.087595	search
89    0	297	0	12.684158	search
89    0	1377	0	12.409908	search
89    0	1366	0	12.096402	search
89    0	369	0	11.823841	search
89    0	1266	0	11.072833	search
89    0	580	0	11.031648	search
89    0	799	0	11.0018835	search
89    0	1376	0	10.925391	search
89    0	496	0	10.847709	search
89    0	158	0	10.831904	search
89    0	741	0	10.605211	search
89    0	83	0	10.558689	search
89    0	584	0	10.544003	search
89    0	615	0	10.526018	search
89    0	727	0	10.460282	search
90    0	478	0	39.23217	search
90    0	838	0	36.159145	search
90    0	781	0	35.96425	search
90    0	641	0	35.858128	search
90    0	1137	0	35.348915	search
90    0	972	0	34.79124	search
90    0	542	0	34.62166	search
90    0	53	0	33.646473	search
90    0	445	0	33.31237	search
90    0	1133	0	33.2939	search
90    0	1140	0	32.82073	search
90    0	1313	0	32.809788	search
90    0	1291	0	32.58146	search
90    0	399	0	32.51338	search
90    0	107	0	32.4344	search
90    0	574	0	31.893456	search
90    0	570	0	31.539282	search
90    0	533	0	30.549929	search
90    0	105	0	29.884176	search
90    0	1224	0	29.598486	search
91    0	613	0	27.645302	search
91    0	665	0	26.45078	search
91    0	26	0	26.439957	search
91    0	71	0	25.684761	search
91    0	93	0	25.044386	search
91    0	632	0	24.830166	search
91    0	106	0	24.053078	search
91    0	562	0	24.0391	search
91    0	1274	0	23.839777	search
91    0	851	0	23.024496	search
91    0	487	0	22.045343	search
91    0	448	0	21.970236	search
91    0	1277	0	21.875523	search
91    0	744	0	21.5401	search
91    0	47	0	21.493011	search
91    0	650	0	21.024958	search
91    0	1285	0	20.733662	search
91    0	89	0	20.642506	search
91    0	1345	0	20.54266	search
91    0	788	0	20.506752	search
92    0	520	0	24.640865	search
92    0	726	0	20.076113	search
92    0	813	0	18.159342	search
92    0	507	0	16.023008	search
92    0	380	0	11.54303	search
92    0	371	0	9.776356	search
92    0	1197	0	9.352249	search
92    0	145	0	9.349582	search
92    0	534	0	8.725897	search
92    0	1151	0	8.685216	search
92    0	579	0	8.429893	search
92    0	852	0	7.843954	search
92    0	699	0	7.7303686	search
92    0	41	0	7.6198354	search
92    0	3	0	7.551191	search
92    0	601	0	7.458776	search
92    0	765	0	7.2169747	search
92    0	559	0	7.208858	search
92    0	129	0	6.953223	search
92    0	742	0	6.926169	search
93    0	520	0	29.651974	search
93    0	726	0	29.019371	search
93    0	695	0	27.821838	search
93    0	720	0	27.06647	search
93    0	813	0	24.14355	search
93    0	328	0	23.954266	search
93    0	818	0	23.312874	search
93    0	507	0	21.795893	search
93    0	483	0	20.028492	search
93    0	576	0	19.441801	search
93    0	894	0	19.278208	search
93    0	43	0	18.909586	search
93    0	86	0	18.639408	search
93    0	448	0	18.239586	search
93    0	485	0	17.910591	search
93    0	71	0	17.531834	search
93    0	608	0	17.373299	search
93    0	751	0	17.23977	search
93    0	596	0	16.773516	search
93    0	531	0	16.121967	search
94    0	1136	0	12.294965	search
94    0	827	0	11.391156	search
94    0	490	0	10.699004	search
94    0	458	0	10.684531	search
94    0	538	0	10.684531	search
94    0	1375	0	10.625855	search
94    0	376	0	10.492717	search
94    0	518	0	10.071502	search
94    0	531	0	10.031165	search
94    0	484	0	9.990372	search
94    0	129	0	9.919535	search
94    0	512	0	9.906076	search
94    0	897	0	9.880544	search
94    0	309	0	9.725422	search
94    0	644	0	9.665452	search
94    0	528	0	9.661963	search
94    0	1207	0	9.617406	search
94    0	960	0	9.398353	search
94    0	1154	0	9.341558	search
94    0	461	0	9.334717	search
95    0	54	0	32.95236	search
95    0	739	0	23.189627	search
95    0	531	0	23.113312	search
95    0	810	0	22.076004	search
95    0	319	0	18.799068	search
95    0	659	0	18.625797	search
95    0	1230	0	18.350683	search
95    0	824	0	17.723204	search
95    0	512	0	17.003334	search
95    0	446	0	16.182041	search
95    0	895	0	15.642526	search
95    0	790	0	15.398813	search
95    0	77	0	14.933912	search
95    0	714	0	14.71246	search
95    0	219	0	14.652453	search
95    0	1415	0	14.146244	search
95    0	523	0	13.933902	search
95    0	708	0	12.848202	search
95    0	198	0	12.536704	search
95    0	577	0	12.115984	search
96    0	523	0	11.921358	search
96    0	460	0	11.77253	search
96    0	1285	0	11.07108	search
96    0	233	0	10.67329	search
96    0	810	0	10.51784	search
96    0	575	0	10.257842	search
96    0	659	0	9.936855	search
96    0	531	0	9.77593	search
96    0	1327	0	9.654336	search
96    0	1336	0	9.587303	search
96    0	837	0	9.354699	search
96    0	956	0	9.097841	search
96    0	486	0	8.981857	search
96    0	606	0	8.905452	search
96    0	312	0	8.699883	search
96    0	492	0	8.688844	search
96    0	518	0	8.578049	search
96    0	254	0	8.567531	search
96    0	819	0	8.536262	search
96    0	731	0	8.280342	search
97    0	531	0	28.291502	search
97    0	77	0	26.360239	search
97    0	659	0	22.279507	search
97    0	54	0	21.994911	search
97    0	824	0	21.695803	search
97    0	1415	0	20.844337	search
97    0	446	0	20.697527	search
97    0	448	0	19.536179	search
97    0	790	0	18.95972	search
97    0	486	0	18.163229	search
97    0	603	0	17.765268	search
97    0	1259	0	17.490774	search
97    0	523	0	17.424759	search
97    0	1421	0	17.402338	search
97    0	606	0	17.150982	search
97    0	682	0	17.035444	search
97    0	812	0	16.931503	search
97    0	706	0	16.931349	search
97    0	714	0	16.439371	search
97    0	67	0	15.763725	search
98    0	451	0	33.26482	search
98    0	626	0	29.853472	search
98    0	594	0	28.70506	search
98    0	546	0	27.724293	search
98    0	648	0	26.209032	search
98    0	606	0	25.393564	search
98    0	1013	0	25.343203	search
98    0	124	0	24.822527	search
98    0	728	0	22.81601	search
98    0	1367	0	22.456402	search
98    0	1368	0	22.060053	search
98    0	218	0	19.708158	search
98    0	294	0	15.518733	search
98    0	250	0	15.250126	search
98    0	123	0	14.9326725	search
98    0	579	0	14.661277	search
98    0	593	0	14.2491665	search
98    0	78	0	14.229393	search
98    0	526	0	14.159217	search
98    0	630	0	13.831212	search
99    0	579	0	23.77671	search
99    0	648	0	23.272541	search
99    0	626	0	22.998716	search
99    0	451	0	21.340113	search
99    0	546	0	20.623777	search
99    0	594	0	18.663624	search
99    0	1368	0	18.603786	search
99    0	625	0	18.25101	search
99    0	728	0	17.02047	search
99    0	1013	0	15.872994	search
99    0	534	0	15.844319	search
99    0	124	0	15.746213	search
99    0	1367	0	15.597517	search
99    0	523	0	15.11782	search
99    0	606	0	15.071591	search
99    0	502	0	14.9971695	search
99    0	593	0	14.92951	search
99    0	742	0	14.552813	search
99    0	1120	0	14.53048	search
99    0	309	0	14.328413	search
100    0	375	0	16.926067	search
100    0	376	0	16.186085	search
100    0	534	0	12.771662	search
100    0	916	0	11.353687	search
100    0	591	0	11.169413	search
100    0	827	0	11.11905	search
100    0	1136	0	11.001426	search
100    0	689	0	9.591819	search
100    0	579	0	9.517219	search
100    0	1175	0	9.427407	search
100    0	451	0	9.426045	search
100    0	180	0	9.15464	search
100    0	895	0	8.689754	search
100    0	590	0	8.49565	search
100    0	1405	0	8.489026	search
100    0	1305	0	8.349624	search
100    0	1078	0	8.281543	search
100    0	565	0	8.254585	search
100    0	716	0	8.242007	search
100    0	851	0	8.237693	search
101    0	1089	0	19.858135	search
101    0	1204	0	18.070263	search
101    0	1098	0	17.111013	search
101    0	853	0	15.816485	search
101    0	805	0	15.460142	search
101    0	140	0	14.919083	search
101    0	565	0	14.8079195	search
101    0	514	0	14.473078	search
101    0	375	0	14.391172	search
101    0	943	0	14.078218	search
101    0	704	0	13.737769	search
101    0	1207	0	13.683351	search
101    0	309	0	13.497307	search
101    0	175	0	13.495705	search
101    0	755	0	13.316481	search
101    0	1078	0	12.965367	search
101    0	96	0	12.292499	search
101    0	895	0	12.202989	search
101    0	180	0	12.181189	search
101    0	363	0	12.101731	search
102    0	824	0	42.399487	search
102    0	812	0	39.470276	search
102    0	659	0	33.795776	search
102    0	894	0	29.846397	search
102    0	531	0	26.50537	search
102    0	489	0	26.086212	search
102    0	566	0	26.027199	search
102    0	446	0	24.773176	search
102    0	1326	0	24.746332	search
102    0	479	0	24.397816	search
102    0	70	0	24.050507	search
102    0	562	0	24.022139	search
102    0	790	0	23.161251	search
102    0	805	0	22.497042	search
102    0	1137	0	21.473604	search
102    0	577	0	20.498514	search
102    0	329	0	20.331602	search
102    0	28	0	20.318792	search
102    0	773	0	20.160496	search
102    0	149	0	20.098791	search
103    0	1013	0	9.473648	search
103    0	701	0	8.826708	search
103    0	316	0	8.448477	search
103    0	659	0	7.89027	search
103    0	560	0	7.7616725	search
103    0	512	0	7.5991073	search
103    0	737	0	7.360471	search
103    0	649	0	7.3472023	search
103    0	606	0	7.3374863	search
103    0	1136	0	7.293	search
103    0	422	0	7.291078	search
103    0	947	0	7.2482266	search
103    0	897	0	7.0531564	search
103    0	886	0	6.8526564	search
103    0	601	0	6.8491707	search
103    0	459	0	6.7826905	search
103    0	458	0	6.7637343	search
103    0	538	0	6.7637343	search
103    0	993	0	6.6965485	search
103    0	54	0	6.6118116	search
104    0	894	0	20.210548	search
104    0	603	0	19.123089	search
104    0	149	0	18.718813	search
104    0	486	0	16.916407	search
104    0	566	0	16.90117	search
104    0	659	0	16.419285	search
104    0	479	0	15.789805	search
104    0	812	0	15.764925	search
104    0	562	0	15.698358	search
104    0	1128	0	15.017296	search
104    0	1230	0	14.796901	search
104    0	390	0	14.561956	search
104    0	86	0	14.255113	search
104    0	443	0	14.146658	search
104    0	606	0	13.933648	search
104    0	531	0	13.797992	search
104    0	810	0	13.730383	search
104    0	57	0	13.714899	search
104    0	738	0	13.627195	search
104    0	448	0	13.414537	search
105    0	486	0	20.371668	search
105    0	81	0	17.555481	search
105    0	82	0	17.338385	search
105    0	444	0	15.236378	search
105    0	519	0	12.348577	search
105    0	1344	0	11.779617	search
105    0	956	0	11.654976	search
105    0	894	0	11.523373	search
105    0	565	0	11.319788	search
105    0	566	0	11.176568	search
105    0	1421	0	10.973425	search
105    0	806	0	10.654474	search
105    0	625	0	10.557706	search
105    0	194	0	10.48151	search
105    0	1359	0	10.396506	search
105    0	113	0	10.293565	search
105    0	472	0	10.222122	search
105    0	446	0	10.156915	search
105    0	52	0	10.132072	search
105    0	500	0	10.063203	search
106    0	523	0	26.382004	search
106    0	813	0	24.254486	search
106    0	565	0	24.21771	search
106    0	61	0	23.613255	search
106    0	35	0	23.555048	search
106    0	1195	0	23.431831	search
106    0	1409	0	22.929247	search
106    0	702	0	22.050665	search
106    0	636	0	21.815022	search
106    0	534	0	21.710224	search
106    0	1091	0	21.594242	search
106    0	807	0	21.530329	search
106    0	514	0	20.39099	search
106    0	79	0	20.199898	search
106    0	492	0	19.976397	search
106    0	595	0	19.849792	search
106    0	644	0	19.465353	search
106    0	806	0	19.368185	search
106    0	1280	0	18.951975	search
106    0	483	0	18.85355	search
107    0	86	0	27.488094	search
107    0	448	0	24.351297	search
107    0	444	0	23.810436	search
107    0	49	0	23.058971	search
107    0	596	0	22.992125	search
107    0	802	0	22.589111	search
107    0	1222	0	22.303123	search
107    0	726	0	21.848211	search
107    0	1118	0	20.647999	search
107    0	518	0	20.626986	search
107    0	649	0	20.393883	search
107    0	510	0	20.350811	search
107    0	486	0	20.28218	search
107    0	488	0	20.197365	search
107    0	1124	0	20.094698	search
107    0	575	0	17.806238	search
107    0	429	0	17.720034	search
107    0	79	0	17.507305	search
107    0	740	0	17.491419	search
107    0	608	0	17.212849	search
108    0	648	0	20.121809	search
108    0	579	0	17.283554	search
108    0	191	0	15.343677	search
108    0	78	0	15.2229595	search
108    0	742	0	14.679182	search
108    0	1207	0	14.058439	search
108    0	547	0	13.979449	search
108    0	601	0	13.428546	search
108    0	637	0	13.249473	search
108    0	728	0	13.193178	search
108    0	799	0	12.874071	search
108    0	743	0	12.676734	search
108    0	502	0	12.476222	search
108    0	1376	0	11.588109	search
108    0	964	0	11.280317	search
108    0	1246	0	11.031587	search
108    0	65	0	10.8483095	search
108    0	985	0	10.790031	search
108    0	534	0	10.731588	search
108    0	1396	0	10.73152	search
109    0	1345	0	27.538614	search
109    0	52	0	26.881641	search
109    0	1274	0	26.555464	search
109    0	635	0	26.510468	search
109    0	26	0	24.774805	search
109    0	105	0	24.52416	search
109    0	537	0	23.978994	search
109    0	290	0	23.15185	search
109    0	876	0	22.498558	search
109    0	89	0	22.494965	search
109    0	729	0	22.043715	search
109    0	878	0	22.040518	search
109    0	1028	0	21.790485	search
109    0	664	0	21.648607	search
109    0	88	0	21.608328	search
109    0	1169	0	20.882706	search
109    0	139	0	20.641567	search
109    0	602	0	20.265654	search
109    0	155	0	20.170332	search
109    0	883	0	20.0417	search
110    0	964	0	25.613665	search
110    0	424	0	23.317894	search
110    0	304	0	19.928846	search
110    0	391	0	19.273592	search
110    0	151	0	19.200825	search
110    0	406	0	19.1459	search
110    0	979	0	17.797045	search
110    0	803	0	17.290306	search
110    0	561	0	16.787672	search
110    0	400	0	16.552765	search
110    0	497	0	16.11136	search
110    0	865	0	15.970302	search
110    0	1072	0	15.769152	search
110    0	474	0	15.7161455	search
110    0	858	0	15.64038	search
110    0	517	0	15.495518	search
110    0	970	0	14.948001	search
110    0	369	0	14.806367	search
110    0	1033	0	14.745996	search
110    0	249	0	14.738739	search
111    0	570	0	21.967216	search
111    0	485	0	21.673666	search
111    0	448	0	20.789742	search
111    0	422	0	20.773111	search
111    0	635	0	20.572725	search
111    0	509	0	19.305094	search
111    0	566	0	19.0154	search
111    0	576	0	18.147331	search
111    0	483	0	15.084596	search
111    0	318	0	13.773015	search
111    0	309	0	12.621679	search
111    0	1313	0	12.42562	search
111    0	610	0	12.041984	search
111    0	176	0	11.782862	search
111    0	49	0	11.502259	search
111    0	608	0	11.408477	search
111    0	488	0	10.9361315	search
111    0	51	0	10.78308	search
111    0	442	0	10.767857	search
111    0	632	0	10.662311	search
112    0	853	0	15.439723	search
112    0	503	0	13.032151	search
112    0	483	0	10.644531	search
112    0	318	0	10.133759	search
112    0	663	0	10.044779	search
112    0	659	0	9.939386	search
112    0	1131	0	9.927002	search
112    0	1419	0	9.820757	search
112    0	1132	0	9.818761	search
112    0	45	0	9.628197	search
112    0	576	0	9.52372	search
112    0	1118	0	9.162385	search
112    0	499	0	8.989275	search
112    0	79	0	8.815458	search
112    0	564	0	8.629406	search
112    0	522	0	8.4379015	search
112    0	489	0	8.274645	search
112    0	661	0	8.198051	search
112    0	446	0	8.17135	search
112    0	491	0	8.123947	search
